# This file may be used to create an environment using:
# $ conda create --name <env> --file <this file>
# platform: win-64
bzip2=1.0.8=hcfcfb64_5
ca-certificates=2023.7.22=h56e8100_0
colorama=0.4.6=pyhd8ed1ab_0
cudatoolkit=11.3.1=h59b6b97_2
cudnn=8.2.1=cuda11.3_0
cycler=0.12.1=pypi_0
google-auth-oauthlib=1.0.0=pypi_0
imageio=2.32.0=pypi_0
joblib=1.3.2=pypi_0
keras=2.6.0=pypi_0
kiwisolver=1.4.5=pypi_0
libffi=3.4.2=h8ffe710_5
libsqlite=3.44.0=hcfcfb64_0
libzlib=1.2.13=hcfcfb64_5
matplotlib=3.3.4=pypi_0
networkx=3.1=pypi_0
numpy=1.19.5=pypi_0
opencv-python=4.5.1.48=pypi_0
openssl=3.1.4=hcfcfb64_0
packaging=23.2=pypi_0
pillow=10.0.1=pypi_0
pip=23.3.1=pyhd8ed1ab_0
protobuf=3.20.0=pypi_0
pyparsing=3.1.1=pypi_0
python=3.8.18=h4de0772_0_cpython
python-dateutil=2.8.2=pypi_0
pywavelets=1.4.1=pypi_0
scikit-image=0.19.0=pypi_0
scikit-learn=1.2.2=pypi_0
scipy=1.10.1=pypi_0
setuptools=68.2.2=pyhd8ed1ab_0
tensorboard=2.14.0=pypi_0
tensorboard-data-server=0.7.2=pypi_0
threadpoolctl=3.2.0=pypi_0
tifffile=2023.7.10=pypi_0
tk=8.6.13=h5226925_1
tqdm=4.66.1=pyhd8ed1ab_0
ucrt=10.0.22621.0=h57928b3_0
vc=14.3=h64f974e_17
vc14_runtime=14.36.32532=hdcecf7f_17
vs2015_runtime=14.36.32532=h05e6639_17
wheel=0.41.3=pyhd8ed1ab_0
xz=5.2.6=h8d14728_0
